matrix([[ 3.53553391e-01+0.00000000e+00j,
          3.53553391e-01+0.00000000e+00j,
          3.53553391e-01+0.00000000e+00j,
          3.53553391e-01+0.00000000e+00j,
          3.53553391e-01+0.00000000e+00j,
          3.53553391e-01+0.00000000e+00j,
          3.53553391e-01+0.00000000e+00j,
          3.53553391e-01+0.00000000e+00j],
        [ 3.53553391e-01+0.00000000e+00j,
          2.50000000e-01+2.50000000e-01j,
          7.85046229e-17+3.53553391e-01j,
         -2.50000000e-01+2.50000000e-01j,
         -3.53553391e-01+1.57009246e-16j,
         -2.50000000e-01-2.50000000e-01j,
         -2.35513869e-16-3.53553391e-01j,
          2.50000000e-01-2.50000000e-01j],
        [ 3.53553391e-01+0.00000000e+00j,
          7.85046229e-17+3.53553391e-01j,
         -3.53553391e-01+1.57009246e-16j,
         -2.35513869e-16-3.53553391e-01j,
          3.53553391e-01-3.14018492e-16j,
          3.92523115e-16+3.53553391e-01j,
         -3.53553391e-01+4.71027738e-16j,
         -5.49532361e-16-3.53553391e-01j],
        [ 3.53553391e-01+0.00000000e+00j,
         -2.50000000e-01+2.50000000e-01j,
         -2.35513869e-16-3.53553391e-01j,
          2.50000000e-01+2.50000000e-01j,
         -3.53553391e-01+4.71027738e-16j,
          2.50000000e-01-2.50000000e-01j,
          7.06541606e-16+3.53553391e-01j,
         -2.50000000e-01-2.50000000e-01j],
        [ 3.53553391e-01+0.00000000e+00j,
         -3.53553391e-01+1.57009246e-16j,
          3.53553391e-01-3.14018492e-16j,
         -3.53553391e-01+4.71027738e-16j,
          3.53553391e-01-6.28036983e-16j,
         -3.53553391e-01+7.85046229e-16j,
          3.53553391e-01-9.42055475e-16j,
         -3.53553391e-01+1.09906472e-15j],
        [ 3.53553391e-01+0.00000000e+00j,
         -2.50000000e-01-2.50000000e-01j,
          3.92523115e-16+3.53553391e-01j,
          2.50000000e-01-2.50000000e-01j,
         -3.53553391e-01+7.85046229e-16j,
          2.50000000e-01+2.50000000e-01j,
         -1.17756934e-15-3.53553391e-01j,
         -2.50000000e-01+2.50000000e-01j],
        [ 3.53553391e-01+0.00000000e+00j,
         -2.35513869e-16-3.53553391e-01j,
         -3.53553391e-01+4.71027738e-16j,
          7.06541606e-16+3.53553391e-01j,
          3.53553391e-01-9.42055475e-16j,
         -1.17756934e-15-3.53553391e-01j,
         -3.53553391e-01+1.41308321e-15j,
          1.64859708e-15+3.53553391e-01j],
        [ 3.53553391e-01+0.00000000e+00j,
          2.50000000e-01-2.50000000e-01j,
         -5.49532361e-16-3.53553391e-01j,
         -2.50000000e-01-2.50000000e-01j,
         -3.53553391e-01+1.09906472e-15j,
         -2.50000000e-01+2.50000000e-01j,
          1.64859708e-15+3.53553391e-01j,
          2.50000000e-01+2.50000000e-01j]])